[data]
Password = 213779163
Cash = 0
Admin = 0
Kills = 0
Deaths = 0
Scores = 0
Registerd = 1
LoggedIn = 0
Skin = 60
X = 1963.231567
Y = 1707.096679
Z = 10.820312
Int = 0
Vw = 0
WEAPON1 = 0
WEAPONAMMU1 = 0
WEAPON2 = 24
WEAPONAMMU2 = 0
WEAPON3 = 0
WEAPONAMMU3 = 0
WEAPON4 = 0
WEAPONAMMU4 = 0
WEAPON5 = 0
WEAPONAMMU5 = 0
WEAPON6 = 0
WEAPONAMMU6 = 0
WEAPON7 = 0
WEAPONAMMU7 = 0
WEAPON8 = 0
WEAPONAMMU8 = 0
Health = 76.000000
Armour = 0.000000
Faction = 48
Rank = 0
Hunger = 98.000000
