[data]
Password = 213779163
Cash = 0
Admin = 0
Kills = 0
Deaths = 0
Skin = 0
[position]
PositionX = 2033.619873
PositionY = 1389.671264
PositionZ = 10.812503
Angle = 179.536468
Interior = 0
VirtualWorld = 0
