[data]
Password = 213779163
Cash = 0
Admin = 0
Kills = 0
Deaths = 0
Scores = 0
Registerd = 0
LoggedIn = 0
Skin = 60
X = 2011.285888
Y = 1354.628784
Z = 10.820312
Int = 0
Vw = 0
WEAPON1 = 0
WEAPONAMMU1 = 0
WEAPON2 = 24
WEAPONAMMU2 = 3
WEAPON3 = 0
WEAPONAMMU3 = 0
WEAPON4 = 0
WEAPONAMMU4 = 0
WEAPON5 = 0
WEAPONAMMU5 = 0
WEAPON6 = 0
WEAPONAMMU6 = 0
WEAPON7 = 0
WEAPONAMMU7 = 0
WEAPON8 = 0
WEAPONAMMU8 = 0
Health = 100.000000
Armour = 0.000000
